Call: survfit(formula = Surv(data$MONTH_CONT, data$DEATH) ~ 1, data = data)

  time n.risk n.event survival  std.err lower 95% CI upper 95% CI
  0.03  20000       2    1.000 7.07e-05        1.000        1.000
  0.07  19998       3    1.000 1.12e-04        1.000        1.000
  0.10  19995       1    1.000 1.22e-04        0.999        1.000
  0.14  19994       1    1.000 1.32e-04        0.999        1.000
  0.17  19993       2    1.000 1.50e-04        0.999        1.000
  0.21  19991       3    0.999 1.73e-04        0.999        1.000
  0.25  19988       1    0.999 1.80e-04        0.999        1.000
  0.28  19987       2    0.999 1.94e-04        0.999        1.000
  0.32  19985       1    0.999 2.00e-04        0.999        1.000
  0.35  19984       2    0.999 2.12e-04        0.999        1.000
  0.39  19982       2    0.999 2.23e-04        0.999        0.999
  0.42  19980       3    0.999 2.40e-04        0.998        0.999
  0.46  19977       2    0.999 2.50e-04        0.998        0.999
  0.50  19975       2    0.999 2.60e-04        0.998        0.999
  0.53  19973       1    0.999 2.64e-04        0.998        0.999
  0.57  19972       2    0.999 2.74e-04        0.998        0.999
  0.60  19970       2    0.998 2.83e-04        0.998        0.999
  0.64  19968       1    0.998 2.87e-04        0.998        0.999
  0.67  19967       5    0.998 3.08e-04        0.997        0.999
  0.71  19962       1    0.998 3.12e-04        0.997        0.999
  0.75  19961       3    0.998 3.24e-04        0.997        0.999
  0.78  19958       1    0.998 3.28e-04        0.997        0.998
  0.82  19957       1    0.998 3.31e-04        0.997        0.998
  0.85  19956       2    0.998 3.39e-04        0.997        0.998
  0.89  19954       1    0.998 3.42e-04        0.997        0.998
  0.92  19953       2    0.998 3.50e-04        0.997        0.998
  0.96  19951       1    0.998 3.53e-04        0.997        0.998
  1.05  19950       2    0.997 3.60e-04        0.997        0.998
  1.10  19948       2    0.997 3.67e-04        0.997        0.998
  1.15  19946       2    0.997 3.74e-04        0.996        0.998
  1.21  19944       1    0.997 3.77e-04        0.996        0.998
  1.26  19943       2    0.997 3.83e-04        0.996        0.998
  1.31  19941       1    0.997 3.87e-04        0.996        0.998
  1.36  19940       1    0.997 3.90e-04        0.996        0.998
  1.42  19939       1    0.997 3.93e-04        0.996        0.998
  1.47  19937       2    0.997 3.99e-04        0.996        0.998
  1.52  19935       1    0.997 4.02e-04        0.996        0.998
  1.57  19934       2    0.997 4.09e-04        0.996        0.997
  1.63  19932       6    0.996 4.26e-04        0.996        0.997
  1.68  19926       3    0.996 4.35e-04        0.995        0.997
  1.73  19922       1    0.996 4.38e-04        0.995        0.997
  1.78  19921       1    0.996 4.41e-04        0.995        0.997
  1.84  19920       3    0.996 4.49e-04        0.995        0.997
  1.89  19917       2    0.996 4.55e-04        0.995        0.997
  1.94  19915       1    0.996 4.57e-04        0.995        0.997
  2.04  19914       3    0.996 4.65e-04        0.995        0.997
  2.08  19911       5    0.995 4.78e-04        0.994        0.996
  2.12  19906       2    0.995 4.84e-04        0.994        0.996
  2.16  19904       4    0.995 4.94e-04        0.994        0.996
  2.20  19900       2    0.995 4.99e-04        0.994        0.996
  2.24  19898       3    0.995 5.06e-04        0.994        0.996
  2.28  19895       3    0.995 5.13e-04        0.994        0.996
  2.32  19892       2    0.995 5.18e-04        0.994        0.996
  2.36  19890       1    0.995 5.21e-04        0.994        0.996
  2.40  19889       1    0.994 5.23e-04        0.993        0.996
  2.44  19888       1    0.994 5.25e-04        0.993        0.995
  2.48  19887       4    0.994 5.35e-04        0.993        0.995
  2.52  19883       3    0.994 5.42e-04        0.993        0.995
  2.56  19880       2    0.994 5.46e-04        0.993        0.995
  2.60  19878       1    0.994 5.48e-04        0.993        0.995
  2.64  19877       2    0.994 5.53e-04        0.993        0.995
  2.68  19875       1    0.994 5.55e-04        0.993        0.995
  2.72  19874       1    0.994 5.57e-04        0.993        0.995
  2.80  19872       1    0.994 5.60e-04        0.993        0.995
  2.84  19871       4    0.993 5.68e-04        0.992        0.995
  2.88  19867       3    0.993 5.75e-04        0.992        0.994
  2.92  19864       1    0.993 5.77e-04        0.992        0.994
  2.96  19863       2    0.993 5.81e-04        0.992        0.994
  3.04  19861       3    0.993 5.87e-04        0.992        0.994
  3.08  19858       3    0.993 5.94e-04        0.992        0.994
  3.13  19855       2    0.993 5.98e-04        0.992        0.994
  3.17  19853       1    0.993 6.00e-04        0.992        0.994
  3.21  19852       4    0.993 6.08e-04        0.991        0.994
  3.26  19848       2    0.992 6.12e-04        0.991        0.994
  3.30  19846       4    0.992 6.20e-04        0.991        0.993
  3.34  19842       3    0.992 6.26e-04        0.991        0.993
  3.39  19839       2    0.992 6.30e-04        0.991        0.993
  3.43  19837       3    0.992 6.36e-04        0.991        0.993
  3.47  19834       1    0.992 6.38e-04        0.991        0.993
  3.52  19833       2    0.992 6.42e-04        0.990        0.993
  3.56  19831       3    0.992 6.47e-04        0.990        0.993
  3.60  19828       2    0.991 6.51e-04        0.990        0.993
  3.65  19826       2    0.991 6.55e-04        0.990        0.993
  3.69  19824       1    0.991 6.57e-04        0.990        0.993
  3.73  19823       3    0.991 6.62e-04        0.990        0.992
  3.78  19820       4    0.991 6.70e-04        0.990        0.992
  3.82  19816       3    0.991 6.75e-04        0.989        0.992
  3.86  19812       2    0.991 6.79e-04        0.989        0.992
  3.91  19809       2    0.991 6.82e-04        0.989        0.992
  3.95  19807       2    0.990 6.86e-04        0.989        0.992
  4.04  19805       1    0.990 6.88e-04        0.989        0.992
  4.08  19804       4    0.990 6.95e-04        0.989        0.992
  4.12  19800       3    0.990 7.00e-04        0.989        0.991
  4.16  19797       6    0.990 7.11e-04        0.988        0.991
  4.20  19791       2    0.990 7.14e-04        0.988        0.991
  4.24  19788       1    0.990 7.16e-04        0.988        0.991
  4.28  19787       1    0.990 7.17e-04        0.988        0.991
  4.32  19786       2    0.989 7.21e-04        0.988        0.991
  4.36  19784       1    0.989 7.23e-04        0.988        0.991
  4.40  19783       2    0.989 7.26e-04        0.988        0.991
  4.44  19781       1    0.989 7.28e-04        0.988        0.991
  4.48  19780       1    0.989 7.29e-04        0.988        0.991
  4.52  19779       1    0.989 7.31e-04        0.988        0.991
  4.56  19778       1    0.989 7.33e-04        0.988        0.991
  4.60  19777       4    0.989 7.39e-04        0.988        0.990
  4.64  19773       1    0.989 7.41e-04        0.987        0.990
  4.68  19772       4    0.989 7.47e-04        0.987        0.990
  4.72  19768       1    0.989 7.49e-04        0.987        0.990
  4.76  19767       2    0.989 7.52e-04        0.987        0.990
  4.80  19765       2    0.988 7.56e-04        0.987        0.990
  4.84  19763       2    0.988 7.59e-04        0.987        0.990
  4.88  19761       1    0.988 7.60e-04        0.987        0.990
  4.92  19760       1    0.988 7.62e-04        0.987        0.990
  4.96  19759       1    0.988 7.64e-04        0.987        0.990
  5.03  19758       2    0.988 7.67e-04        0.987        0.990
  5.07  19756       4    0.988 7.73e-04        0.986        0.989
  5.11  19752       2    0.988 7.76e-04        0.986        0.989
  5.15  19750       2    0.988 7.79e-04        0.986        0.989
  5.19  19748       2    0.988 7.83e-04        0.986        0.989
  5.23  19746       2    0.987 7.86e-04        0.986        0.989
  5.26  19744       1    0.987 7.87e-04        0.986        0.989
  5.30  19743       1    0.987 7.89e-04        0.986        0.989
  5.34  19742       1    0.987 7.90e-04        0.986        0.989
  5.38  19741       2    0.987 7.93e-04        0.986        0.989
  5.42  19739       1    0.987 7.95e-04        0.986        0.989
  5.46  19738       1    0.987 7.97e-04        0.986        0.989
  5.50  19737       1    0.987 7.98e-04        0.986        0.989
  5.53  19736       2    0.987 8.01e-04        0.985        0.989
  5.57  19734       3    0.987 8.06e-04        0.985        0.988
  5.61  19731       1    0.987 8.07e-04        0.985        0.988
  5.65  19730       1    0.987 8.09e-04        0.985        0.988
  5.69  19729       1    0.987 8.10e-04        0.985        0.988
  5.73  19728       5    0.986 8.18e-04        0.985        0.988
  5.76  19723       1    0.986 8.19e-04        0.985        0.988
  5.80  19722       2    0.986 8.22e-04        0.985        0.988
  5.84  19720       1    0.986 8.24e-04        0.985        0.988
  5.88  19719       1    0.986 8.25e-04        0.985        0.988
  5.92  19718       2    0.986 8.28e-04        0.984        0.988
  5.96  19716       3    0.986 8.32e-04        0.984        0.988
  6.03  19713       5    0.986 8.40e-04        0.984        0.987
  6.11  19707       2    0.986 8.43e-04        0.984        0.987
  6.15  19705       3    0.985 8.47e-04        0.984        0.987
  6.19  19702       1    0.985 8.48e-04        0.984        0.987
  6.23  19701       1    0.985 8.50e-04        0.984        0.987
  6.26  19700       1    0.985 8.51e-04        0.984        0.987
  6.30  19699       1    0.985 8.53e-04        0.984        0.987
  6.34  19698       3    0.985 8.57e-04        0.983        0.987
  6.38  19695       4    0.985 8.62e-04        0.983        0.987
  6.42  19691       1    0.985 8.64e-04        0.983        0.987
  6.46  19690       1    0.985 8.65e-04        0.983        0.986
  6.50  19689       3    0.985 8.69e-04        0.983        0.986
  6.53  19686       1    0.985 8.71e-04        0.983        0.986
  6.57  19685       2    0.984 8.74e-04        0.983        0.986
  6.61  19683       2    0.984 8.76e-04        0.983        0.986
  6.65  19681       2    0.984 8.79e-04        0.983        0.986
  6.69  19678       2    0.984 8.82e-04        0.982        0.986
  6.73  19676       3    0.984 8.86e-04        0.982        0.986
  6.76  19673       2    0.984 8.89e-04        0.982        0.986
  6.80  19671       1    0.984 8.90e-04        0.982        0.986
  6.84  19670       1    0.984 8.91e-04        0.982        0.986
  6.88  19669       4    0.984 8.97e-04        0.982        0.985
  6.92  19665       1    0.984 8.98e-04        0.982        0.985
  6.96  19664       1    0.984 9.00e-04        0.982        0.985
  7.03  19663       4    0.983 9.05e-04        0.982        0.985
  7.07  19659       1    0.983 9.06e-04        0.982        0.985
  7.11  19658       1    0.983 9.08e-04        0.981        0.985
  7.15  19657       2    0.983 9.10e-04        0.981        0.985
  7.19  19655       2    0.983 9.13e-04        0.981        0.985
  7.23  19653       4    0.983 9.18e-04        0.981        0.985
  7.26  19649       1    0.983 9.20e-04        0.981        0.985
  7.30  19648       1    0.983 9.21e-04        0.981        0.985
  7.34  19647       1    0.983 9.22e-04        0.981        0.985
  7.38  19646       2    0.983 9.25e-04        0.981        0.984
  7.42  19644       3    0.982 9.29e-04        0.981        0.984
  7.46  19641       2    0.982 9.31e-04        0.981        0.984
  7.50  19639       2    0.982 9.34e-04        0.980        0.984
  7.53  19635       3    0.982 9.38e-04        0.980        0.984
  7.57  19632       3    0.982 9.42e-04        0.980        0.984
  7.61  19629       3    0.982 9.45e-04        0.980        0.984
  7.65  19626       2    0.982 9.48e-04        0.980        0.984
  7.69  19624       2    0.982 9.50e-04        0.980        0.983
  7.73  19622       2    0.981 9.53e-04        0.980        0.983
  7.76  19620       2    0.981 9.56e-04        0.980        0.983
  7.80  19618       2    0.981 9.58e-04        0.979        0.983
  7.84  19616       1    0.981 9.59e-04        0.979        0.983
  7.88  19615       1    0.981 9.61e-04        0.979        0.983
  7.92  19614       1    0.981 9.62e-04        0.979        0.983
  8.03  19612       1    0.981 9.63e-04        0.979        0.983
  8.08  19611       1    0.981 9.64e-04        0.979        0.983
  8.11  19610       2    0.981 9.67e-04        0.979        0.983
  8.16  19608       1    0.981 9.68e-04        0.979        0.983
  8.19  19607       3    0.981 9.72e-04        0.979        0.983
  8.24  19604       2    0.981 9.74e-04        0.979        0.983
  8.27  19602       1    0.981 9.76e-04        0.979        0.983
  8.32  19601       1    0.981 9.77e-04        0.979        0.982
  8.36  19600       4    0.980 9.82e-04        0.978        0.982
  8.40  19596       3    0.980 9.85e-04        0.978        0.982
  8.44  19592       1    0.980 9.87e-04        0.978        0.982
  8.48  19591       1    0.980 9.88e-04        0.978        0.982
  8.52  19590       2    0.980 9.90e-04        0.978        0.982
  8.56  19588       1    0.980 9.91e-04        0.978        0.982
  8.60  19587       1    0.980 9.93e-04        0.978        0.982
  8.64  19586       4    0.980 9.97e-04        0.978        0.982
  8.68  19582       1    0.980 9.99e-04        0.978        0.982
  8.72  19581       1    0.980 1.00e-03        0.978        0.982
  8.76  19580       2    0.979 1.00e-03        0.978        0.981
  8.80  19578       3    0.979 1.01e-03        0.977        0.981
  8.84  19575       1    0.979 1.01e-03        0.977        0.981
  8.88  19574       2    0.979 1.01e-03        0.977        0.981
  8.92  19572       6    0.979 1.02e-03        0.977        0.981
  8.96  19566       3    0.979 1.02e-03        0.977        0.981
  9.03  19563       3    0.979 1.02e-03        0.977        0.981
  9.08  19560       4    0.978 1.03e-03        0.976        0.980
  9.11  19556       1    0.978 1.03e-03        0.976        0.980
  9.16  19555       1    0.978 1.03e-03        0.976        0.980
  9.19  19554       1    0.978 1.03e-03        0.976        0.980
  9.24  19553       1    0.978 1.03e-03        0.976        0.980
  9.28  19552       1    0.978 1.03e-03        0.976        0.980
  9.32  19551       3    0.978 1.04e-03        0.976        0.980
  9.40  19547       3    0.978 1.04e-03        0.976        0.980
  9.44  19544       1    0.978 1.04e-03        0.976        0.980
  9.48  19543       1    0.978 1.04e-03        0.976        0.980
  9.52  19542       2    0.978 1.05e-03        0.976        0.980
  9.56  19540       2    0.978 1.05e-03        0.975        0.980
  9.60  19538       1    0.977 1.05e-03        0.975        0.980
  9.64  19537       1    0.977 1.05e-03        0.975        0.980
  9.68  19536       1    0.977 1.05e-03        0.975        0.979
  9.72  19535       2    0.977 1.05e-03        0.975        0.979
  9.76  19533       2    0.977 1.06e-03        0.975        0.979
  9.80  19531       2    0.977 1.06e-03        0.975        0.979
  9.84  19529       1    0.977 1.06e-03        0.975        0.979
  9.88  19528       2    0.977 1.06e-03        0.975        0.979
  9.92  19526       2    0.977 1.06e-03        0.975        0.979
  9.96  19524       1    0.977 1.06e-03        0.975        0.979
 10.04  19523       2    0.977 1.07e-03        0.975        0.979
 10.08  19521       1    0.977 1.07e-03        0.975        0.979
 10.12  19520       1    0.977 1.07e-03        0.974        0.979
 10.16  19519       1    0.977 1.07e-03        0.974        0.979
 10.20  19518       2    0.976 1.07e-03        0.974        0.979
 10.25  19516       3    0.976 1.08e-03        0.974        0.978
 10.29  19513       3    0.976 1.08e-03        0.974        0.978
 10.33  19510       2    0.976 1.08e-03        0.974        0.978
 10.37  19508       2    0.976 1.08e-03        0.974        0.978
 10.41  19506       1    0.976 1.08e-03        0.974        0.978
 10.45  19505       1    0.976 1.09e-03        0.974        0.978
 10.50  19504       1    0.976 1.09e-03        0.974        0.978
 10.54  19503       2    0.976 1.09e-03        0.974        0.978
 10.58  19500       4    0.975 1.09e-03        0.973        0.978
 10.62  19496       1    0.975 1.09e-03        0.973        0.978
 10.66  19495       1    0.975 1.10e-03        0.973        0.978
 10.70  19494       2    0.975 1.10e-03        0.973        0.977
 10.75  19492       1    0.975 1.10e-03        0.973        0.977
 10.79  19491       1    0.975 1.10e-03        0.973        0.977
 10.83  19490       2    0.975 1.10e-03        0.973        0.977
 10.87  19488       2    0.975 1.10e-03        0.973        0.977
 10.91  19486       2    0.975 1.11e-03        0.973        0.977
 10.95  19484       2    0.975 1.11e-03        0.973        0.977
 11.03  19482       4    0.975 1.11e-03        0.972        0.977
 11.07  19478       3    0.974 1.12e-03        0.972        0.977
 11.11  19475       2    0.974 1.12e-03        0.972        0.977
 11.14  19473       2    0.974 1.12e-03        0.972        0.976
 11.18  19471       1    0.974 1.12e-03        0.972        0.976
 11.22  19470       2    0.974 1.12e-03        0.972        0.976
 11.25  19468       1    0.974 1.12e-03        0.972        0.976
 11.29  19467       4    0.974 1.13e-03        0.972        0.976
 11.33  19463       3    0.974 1.13e-03        0.971        0.976
 11.37  19460       2    0.974 1.13e-03        0.971        0.976
 11.40  19458       5    0.973 1.14e-03        0.971        0.976
 11.44  19453       1    0.973 1.14e-03        0.971        0.976
 11.48  19452       1    0.973 1.14e-03        0.971        0.975
 11.51  19451       1    0.973 1.14e-03        0.971        0.975
 11.55  19450       2    0.973 1.14e-03        0.971        0.975
 11.59  19448       2    0.973 1.15e-03        0.971        0.975
 11.62  19446       1    0.973 1.15e-03        0.971        0.975
 11.66  19445       1    0.973 1.15e-03        0.971        0.975
 11.70  19444       1    0.973 1.15e-03        0.971        0.975
 11.74  19443       3    0.973 1.15e-03        0.970        0.975
 11.77  19440       4    0.972 1.16e-03        0.970        0.975
 11.81  19436       3    0.972 1.16e-03        0.970        0.975
 11.85  19433       1    0.972 1.16e-03        0.970        0.975
 11.88  19432       2    0.972 1.16e-03        0.970        0.974
 11.92  19430       1    0.972 1.16e-03        0.970        0.974
 11.96  19429       2    0.972 1.17e-03        0.970        0.974
 12.03  19427       2    0.972 1.17e-03        0.970        0.974
 12.07  19425       3    0.972 1.17e-03        0.969        0.974
 12.10  19422       3    0.972 1.17e-03        0.969        0.974
 12.14  19419       3    0.971 1.18e-03        0.969        0.974
 12.17  19416       2    0.971 1.18e-03        0.969        0.974
 12.21  19414       1    0.971 1.18e-03        0.969        0.974
 12.25  19413       1    0.971 1.18e-03        0.969        0.974
 12.28  19412       3    0.971 1.18e-03        0.969        0.973
 12.32  19409       2    0.971 1.19e-03        0.969        0.973
 12.35  19407       3    0.971 1.19e-03        0.969        0.973
 12.39  19404       2    0.971 1.19e-03        0.968        0.973
 12.42  19402       2    0.971 1.19e-03        0.968        0.973
 12.46  19400       3    0.971 1.20e-03        0.968        0.973
 12.50  19397       1    0.970 1.20e-03        0.968        0.973
 12.53  19396       4    0.970 1.20e-03        0.968        0.973
 12.57  19392       1    0.970 1.20e-03        0.968        0.973
 12.60  19391       1    0.970 1.20e-03        0.968        0.973
 12.64  19390       2    0.970 1.20e-03        0.968        0.972
 12.67  19388       3    0.970 1.21e-03        0.968        0.972
 12.71  19385       2    0.970 1.21e-03        0.967        0.972
 12.75  19383       1    0.970 1.21e-03        0.967        0.972
 12.78  19382       2    0.970 1.21e-03        0.967        0.972
 12.82  19380       1    0.970 1.21e-03        0.967        0.972
 12.85  19379       1    0.970 1.21e-03        0.967        0.972
 12.89  19378       2    0.969 1.22e-03        0.967        0.972
 12.92  19376       3    0.969 1.22e-03        0.967        0.972
 12.96  19373       3    0.969 1.22e-03        0.967        0.972
 13.04  19370       1    0.969 1.22e-03        0.967        0.972
 13.08  19369       1    0.969 1.22e-03        0.967        0.971
 13.12  19368       2    0.969 1.23e-03        0.967        0.971
 13.16  19366       2    0.969 1.23e-03        0.966        0.971
 13.20  19364       2    0.969 1.23e-03        0.966        0.971
 13.25  19362       2    0.969 1.23e-03        0.966        0.971
 13.29  19359       3    0.969 1.23e-03        0.966        0.971
 13.33  19356       3    0.968 1.24e-03        0.966        0.971
 13.37  19353       4    0.968 1.24e-03        0.966        0.971
 13.41  19349       1    0.968 1.24e-03        0.966        0.971
 13.45  19348       1    0.968 1.24e-03        0.966        0.971
 13.50  19347       1    0.968 1.24e-03        0.966        0.970
 13.54  19346       3    0.968 1.25e-03        0.965        0.970
 13.58  19343       1    0.968 1.25e-03        0.965        0.970
 13.62  19342       6    0.968 1.25e-03        0.965        0.970
 13.66  19336       1    0.967 1.25e-03        0.965        0.970
 13.70  19335       2    0.967 1.26e-03        0.965        0.970
 13.75  19333       2    0.967 1.26e-03        0.965        0.970
 13.79  19331       1    0.967 1.26e-03        0.965        0.970
 13.83  19330       3    0.967 1.26e-03        0.965        0.970
 13.87  19327       1    0.967 1.26e-03        0.965        0.970
 13.91  19325       2    0.967 1.26e-03        0.964        0.969
 13.95  19323       2    0.967 1.27e-03        0.964        0.969
 14.04  19321       1    0.967 1.27e-03        0.964        0.969
 14.08  19320       2    0.967 1.27e-03        0.964        0.969
 14.13  19318       2    0.967 1.27e-03        0.964        0.969
 14.17  19316       1    0.967 1.27e-03        0.964        0.969
 14.21  19315       2    0.966 1.27e-03        0.964        0.969
 14.26  19313       3    0.966 1.28e-03        0.964        0.969
 14.30  19310       5    0.966 1.28e-03        0.964        0.969
 14.34  19305       2    0.966 1.28e-03        0.963        0.968
 14.39  19303       2    0.966 1.28e-03        0.963        0.968
 14.43  19301       3    0.966 1.29e-03        0.963        0.968
 14.47  19298       2    0.966 1.29e-03        0.963        0.968
 14.52  19296       2    0.965 1.29e-03        0.963        0.968
 14.56  19294       1    0.965 1.29e-03        0.963        0.968
 14.60  19292       3    0.965 1.29e-03        0.963        0.968
 14.65  19289       2    0.965 1.30e-03        0.963        0.968
 14.69  19287       2    0.965 1.30e-03        0.963        0.968
 14.73  19285       1    0.965 1.30e-03        0.962        0.968
 14.78  19284       2    0.965 1.30e-03        0.962        0.967
 14.82  19282       1    0.965 1.30e-03        0.962        0.967
 14.86  19281       1    0.965 1.30e-03        0.962        0.967
 14.91  19280       2    0.965 1.30e-03        0.962        0.967
 14.95  19278       3    0.965 1.31e-03        0.962        0.967
 15.04  19275       1    0.965 1.31e-03        0.962        0.967
 15.08  19274       1    0.964 1.31e-03        0.962        0.967
 15.13  19273       3    0.964 1.31e-03        0.962        0.967
 15.17  19270       2    0.964 1.31e-03        0.962        0.967
 15.21  19268       1    0.964 1.31e-03        0.962        0.967
 15.26  19267       3    0.964 1.32e-03        0.961        0.967
 15.30  19264       2    0.964 1.32e-03        0.961        0.967
 15.34  19262       1    0.964 1.32e-03        0.961        0.966
 15.39  19261       1    0.964 1.32e-03        0.961        0.966
 15.43  19260       1    0.964 1.32e-03        0.961        0.966
 15.47  19259       2    0.964 1.32e-03        0.961        0.966
 15.52  19257       1    0.964 1.32e-03        0.961        0.966
 15.56  19256       1    0.964 1.32e-03        0.961        0.966
 15.60  19255       2    0.963 1.33e-03        0.961        0.966
 15.65  19253       3    0.963 1.33e-03        0.961        0.966
 15.69  19250       3    0.963 1.33e-03        0.961        0.966
 15.73  19247       1    0.963 1.33e-03        0.961        0.966
 15.78  19246       3    0.963 1.34e-03        0.960        0.966
 15.82  19243       1    0.963 1.34e-03        0.960        0.966
 15.86  19242       3    0.963 1.34e-03        0.960        0.965
 15.91  19239       2    0.963 1.34e-03        0.960        0.965
 15.95  19237       1    0.963 1.34e-03        0.960        0.965
 16.04  19236       2    0.963 1.34e-03        0.960        0.965
 16.08  19234       1    0.962 1.34e-03        0.960        0.965
 16.13  19233       1    0.962 1.34e-03        0.960        0.965
 16.17  19232       2    0.962 1.35e-03        0.960        0.965
 16.21  19230       1    0.962 1.35e-03        0.960        0.965
 16.26  19229       1    0.962 1.35e-03        0.960        0.965
 16.30  19228       2    0.962 1.35e-03        0.959        0.965
 16.34  19226       1    0.962 1.35e-03        0.959        0.965
 16.39  19225       1    0.962 1.35e-03        0.959        0.965
 16.43  19224       2    0.962 1.35e-03        0.959        0.965
 16.47  19222       1    0.962 1.35e-03        0.959        0.965
 16.52  19221       1    0.962 1.36e-03        0.959        0.964
 16.60  19219       2    0.962 1.36e-03        0.959        0.964
 16.65  19217       2    0.962 1.36e-03        0.959        0.964
 16.69  19215       1    0.962 1.36e-03        0.959        0.964
 16.73  19214       2    0.961 1.36e-03        0.959        0.964
 16.78  19212       1    0.961 1.36e-03        0.959        0.964
 16.82  19211       1    0.961 1.36e-03        0.959        0.964
 16.86  19210       1    0.961 1.36e-03        0.959        0.964
 16.91  19209       3    0.961 1.37e-03        0.959        0.964
 16.95  19206       2    0.961 1.37e-03        0.958        0.964
 17.03  19204       1    0.961 1.37e-03        0.958        0.964
 17.07  19203       1    0.961 1.37e-03        0.958        0.964
 17.11  19202       2    0.961 1.37e-03        0.958        0.964
 17.15  19200       3    0.961 1.37e-03        0.958        0.963
 17.19  19197       2    0.961 1.38e-03        0.958        0.963
 17.23  19195       1    0.961 1.38e-03        0.958        0.963
 17.26  19194       1    0.961 1.38e-03        0.958        0.963
 17.30  19193       2    0.960 1.38e-03        0.958        0.963
 17.34  19190       2    0.960 1.38e-03        0.958        0.963
 17.38  19188       3    0.960 1.38e-03        0.957        0.963
 17.42  19185       2    0.960 1.38e-03        0.957        0.963
 17.46  19183       3    0.960 1.39e-03        0.957        0.963
 17.50  19180       1    0.960 1.39e-03        0.957        0.963
 17.53  19179       5    0.960 1.39e-03        0.957        0.962
 17.57  19174       4    0.959 1.40e-03        0.957        0.962
 17.61  19170       1    0.959 1.40e-03        0.957        0.962
 17.65  19169       1    0.959 1.40e-03        0.957        0.962
 17.69  19168       3    0.959 1.40e-03        0.956        0.962
 17.73  19165       2    0.959 1.40e-03        0.956        0.962
 17.76  19163       1    0.959 1.40e-03        0.956        0.962
 17.80  19162       1    0.959 1.40e-03        0.956        0.962
 17.84  19161       1    0.959 1.40e-03        0.956        0.962
 17.88  19160       1    0.959 1.40e-03        0.956        0.962
 17.92  19159       1    0.959 1.41e-03        0.956        0.962
 17.96  19158       2    0.959 1.41e-03        0.956        0.961
 18.03  19156       3    0.959 1.41e-03        0.956        0.961
 18.07  19153       2    0.958 1.41e-03        0.956        0.961
 18.11  19151       2    0.958 1.41e-03        0.956        0.961
 18.15  19149       2    0.958 1.41e-03        0.956        0.961
 18.19  19147       1    0.958 1.42e-03        0.955        0.961
 18.23  19146       2    0.958 1.42e-03        0.955        0.961
 18.26  19144       1    0.958 1.42e-03        0.955        0.961
 18.30  19143       4    0.958 1.42e-03        0.955        0.961
 18.34  19139       4    0.958 1.42e-03        0.955        0.960
 18.38  19135       3    0.958 1.43e-03        0.955        0.960
 18.42  19132       2    0.957 1.43e-03        0.955        0.960
 18.46  19130       1    0.957 1.43e-03        0.955        0.960
 18.50  19129       2    0.957 1.43e-03        0.954        0.960
 18.53  19127       3    0.957 1.43e-03        0.954        0.960
 18.57  19124       1    0.957 1.43e-03        0.954        0.960
 18.61  19122       1    0.957 1.43e-03        0.954        0.960
 18.65  19121       3    0.957 1.44e-03        0.954        0.960
 18.69  19118       3    0.957 1.44e-03        0.954        0.960
 18.73  19115       2    0.957 1.44e-03        0.954        0.959
 18.76  19113       1    0.957 1.44e-03        0.954        0.959
 18.80  19112       1    0.957 1.44e-03        0.954        0.959
 18.84  19111       1    0.956 1.44e-03        0.954        0.959
 18.88  19110       1    0.956 1.44e-03        0.954        0.959
 18.92  19109       2    0.956 1.45e-03        0.953        0.959
 18.96  19107       1    0.956 1.45e-03        0.953        0.959
 19.04  19106       2    0.956 1.45e-03        0.953        0.959
 19.09  19104       3    0.956 1.45e-03        0.953        0.959
 19.13  19101       2    0.956 1.45e-03        0.953        0.959
 19.18  19099       1    0.956 1.45e-03        0.953        0.959
 19.22  19098       2    0.956 1.45e-03        0.953        0.959
 19.27  19096       1    0.956 1.45e-03        0.953        0.959
 19.31  19095       1    0.956 1.46e-03        0.953        0.959
 19.36  19094       1    0.956 1.46e-03        0.953        0.958
 19.40  19093       1    0.956 1.46e-03        0.953        0.958
 19.45  19092       2    0.955 1.46e-03        0.953        0.958
 19.50  19090       5    0.955 1.46e-03        0.952        0.958
 19.54  19085       2    0.955 1.46e-03        0.952        0.958
 19.59  19083       1    0.955 1.47e-03        0.952        0.958
 19.63  19082       2    0.955 1.47e-03        0.952        0.958
 19.68  19080       1    0.955 1.47e-03        0.952        0.958
 19.72  19079       1    0.955 1.47e-03        0.952        0.958
 19.77  19077       1    0.955 1.47e-03        0.952        0.958
 19.81  19076       1    0.955 1.47e-03        0.952        0.958
 19.86  19075       1    0.955 1.47e-03        0.952        0.958
 19.90  19074       1    0.955 1.47e-03        0.952        0.958
 19.95  19073       1    0.955 1.47e-03        0.952        0.958
 20.03  19072       2    0.955 1.47e-03        0.952        0.957
 20.07  19070       4    0.954 1.48e-03        0.951        0.957
 20.11  19066       2    0.954 1.48e-03        0.951        0.957
 20.14  19064       3    0.954 1.48e-03        0.951        0.957
 20.18  19061       2    0.954 1.48e-03        0.951        0.957
 20.22  19059       1    0.954 1.48e-03        0.951        0.957
 20.25  19058       2    0.954 1.48e-03        0.951        0.957
 20.29  19056       1    0.954 1.49e-03        0.951        0.957
 20.33  19055       1    0.954 1.49e-03        0.951        0.957
 20.37  19054       3    0.954 1.49e-03        0.951        0.956
 20.40  19051       2    0.953 1.49e-03        0.951        0.956
 20.44  19049       2    0.953 1.49e-03        0.950        0.956
 20.48  19047       2    0.953 1.49e-03        0.950        0.956
 20.51  19045       2    0.953 1.49e-03        0.950        0.956
 20.55  19043       4    0.953 1.50e-03        0.950        0.956
 20.59  19039       2    0.953 1.50e-03        0.950        0.956
 20.62  19037       1    0.953 1.50e-03        0.950        0.956
 20.66  19036       2    0.953 1.50e-03        0.950        0.956
 20.70  19034       2    0.953 1.50e-03        0.950        0.956
 20.74  19032       3    0.952 1.50e-03        0.950        0.955
 20.77  19029       2    0.952 1.51e-03        0.949        0.955
 20.81  19027       1    0.952 1.51e-03        0.949        0.955
 20.85  19026       3    0.952 1.51e-03        0.949        0.955
 20.92  19022       2    0.952 1.51e-03        0.949        0.955
 20.96  19020       4    0.952 1.51e-03        0.949        0.955
 21.03  19016       1    0.952 1.51e-03        0.949        0.955
 21.07  19015       1    0.952 1.52e-03        0.949        0.955
 21.11  19014       3    0.952 1.52e-03        0.949        0.955
 21.15  19011       3    0.951 1.52e-03        0.948        0.954
 21.19  19008       4    0.951 1.52e-03        0.948        0.954
 21.23  19004       2    0.951 1.52e-03        0.948        0.954
 21.26  19002       2    0.951 1.53e-03        0.948        0.954
 21.30  19000       2    0.951 1.53e-03        0.948        0.954
 21.34  18998       3    0.951 1.53e-03        0.948        0.954
 21.38  18995       2    0.951 1.53e-03        0.948        0.954
 21.42  18993       4    0.951 1.53e-03        0.948        0.954
 21.46  18989       4    0.950 1.54e-03        0.947        0.953
 21.50  18985       3    0.950 1.54e-03        0.947        0.953
 21.53  18982       1    0.950 1.54e-03        0.947        0.953
 21.57  18980       2    0.950 1.54e-03        0.947        0.953
 21.61  18978       2    0.950 1.54e-03        0.947        0.953
 21.65  18976       1    0.950 1.54e-03        0.947        0.953
 21.69  18975       2    0.950 1.54e-03        0.947        0.953
 21.73  18973       1    0.950 1.55e-03        0.947        0.953
 21.76  18972       2    0.950 1.55e-03        0.947        0.953
 21.80  18970       4    0.949 1.55e-03        0.946        0.952
 21.84  18966       1    0.949 1.55e-03        0.946        0.952
 21.88  18965       3    0.949 1.55e-03        0.946        0.952
 21.92  18962       5    0.949 1.56e-03        0.946        0.952
 21.96  18957       2    0.949 1.56e-03        0.946        0.952
 22.04  18955       2    0.949 1.56e-03        0.946        0.952
 22.09  18953       2    0.949 1.56e-03        0.946        0.952
 22.13  18951       1    0.949 1.56e-03        0.946        0.952
 22.18  18950       3    0.948 1.56e-03        0.945        0.952
 22.22  18947       2    0.948 1.57e-03        0.945        0.951
 22.27  18945       1    0.948 1.57e-03        0.945        0.951
 22.31  18944       3    0.948 1.57e-03        0.945        0.951
 22.36  18941       1    0.948 1.57e-03        0.945        0.951
 22.40  18940       2    0.948 1.57e-03        0.945        0.951
 22.45  18938       1    0.948 1.57e-03        0.945        0.951
 22.50  18937       1    0.948 1.57e-03        0.945        0.951
 22.54  18935       2    0.948 1.57e-03        0.945        0.951
 22.59  18933       2    0.948 1.57e-03        0.945        0.951
 22.63  18931       3    0.948 1.58e-03        0.944        0.951
 22.68  18928       2    0.947 1.58e-03        0.944        0.951
 22.72  18926       1    0.947 1.58e-03        0.944        0.951
 22.77  18925       1    0.947 1.58e-03        0.944        0.950
 22.81  18924       1    0.947 1.58e-03        0.944        0.950
 22.86  18923       2    0.947 1.58e-03        0.944        0.950
 22.90  18921       3    0.947 1.58e-03        0.944        0.950
 22.95  18918       1    0.947 1.58e-03        0.944        0.950
 23.03  18917       2    0.947 1.59e-03        0.944        0.950
 23.07  18915       4    0.947 1.59e-03        0.944        0.950
 23.11  18911       3    0.947 1.59e-03        0.943        0.950
 23.15  18908       1    0.947 1.59e-03        0.943        0.950
 23.19  18907       2    0.946 1.59e-03        0.943        0.950
 23.23  18905       2    0.946 1.59e-03        0.943        0.949
 23.26  18903       1    0.946 1.60e-03        0.943        0.949
 23.30  18902       1    0.946 1.60e-03        0.943        0.949
 23.34  18900       6    0.946 1.60e-03        0.943        0.949
 23.38  18894       2    0.946 1.60e-03        0.943        0.949
 23.42  18892       2    0.946 1.60e-03        0.943        0.949
 23.46  18890       1    0.946 1.60e-03        0.943        0.949
 23.50  18889       2    0.946 1.60e-03        0.942        0.949
 23.53  18887       3    0.945 1.61e-03        0.942        0.949
 23.57  18884       3    0.945 1.61e-03        0.942        0.948
 23.61  18881       2    0.945 1.61e-03        0.942        0.948
 23.65  18879       3    0.945 1.61e-03        0.942        0.948
 23.69  18876       3    0.945 1.61e-03        0.942        0.948
 23.73  18873       1    0.945 1.62e-03        0.942        0.948
 23.76  18872       3    0.945 1.62e-03        0.941        0.948
 23.80  18869       3    0.945 1.62e-03        0.941        0.948
 23.84  18866       1    0.944 1.62e-03        0.941        0.948
 23.88  18865       3    0.944 1.62e-03        0.941        0.947
 23.92  18862       2    0.944 1.62e-03        0.941        0.947
 23.96  18860       2    0.944 1.62e-03        0.941        0.947
 24.07  18857       1    0.944 1.63e-03        0.941        0.947
 24.11  18856       3    0.944 1.63e-03        0.941        0.947
 24.14  18853       2    0.944 1.63e-03        0.941        0.947
 24.18  18851       4    0.944 1.63e-03        0.940        0.947
 24.22  18847       1    0.944 1.63e-03        0.940        0.947
 24.25  18846       1    0.944 1.63e-03        0.940        0.947
 24.29  18845       3    0.943 1.64e-03        0.940        0.947
 24.33  18842       1    0.943 1.64e-03        0.940        0.947
 24.37  18841       1    0.943 1.64e-03        0.940        0.946
 24.40  18840       1    0.943 1.64e-03        0.940        0.946
 24.44  18839       1    0.943 1.64e-03        0.940        0.946
 24.48  18838       2    0.943 1.64e-03        0.940        0.946
 24.51  18836       2    0.943 1.64e-03        0.940        0.946
 24.55  18834       1    0.943 1.64e-03        0.940        0.946
 24.59  18833       2    0.943 1.64e-03        0.940        0.946
 24.62  18831       1    0.943 1.64e-03        0.940        0.946
 24.66  18830       2    0.943 1.64e-03        0.939        0.946
 24.70  18828       1    0.943 1.65e-03        0.939        0.946
 24.74  18827       3    0.942 1.65e-03        0.939        0.946
 24.77  18824       1    0.942 1.65e-03        0.939        0.946
 24.81  18823       1    0.942 1.65e-03        0.939        0.946
 24.85  18822       4    0.942 1.65e-03        0.939        0.945
 24.88  18818       1    0.942 1.65e-03        0.939        0.945
 24.92  18817       1    0.942 1.65e-03        0.939        0.945
 24.96  18816       3    0.942 1.65e-03        0.939        0.945
 25.04  18813       1    0.942 1.66e-03        0.939        0.945
 25.08  18812       4    0.942 1.66e-03        0.938        0.945
 25.13  18808       4    0.941 1.66e-03        0.938        0.945
 25.17  18804       1    0.941 1.66e-03        0.938        0.945
 25.21  18803       1    0.941 1.66e-03        0.938        0.945
 25.26  18802       3    0.941 1.66e-03        0.938        0.944
 25.30  18799       1    0.941 1.66e-03        0.938        0.944
 25.34  18798       2    0.941 1.67e-03        0.938        0.944
 25.39  18796       3    0.941 1.67e-03        0.938        0.944
 25.43  18793       1    0.941 1.67e-03        0.938        0.944
 25.47  18792       1    0.941 1.67e-03        0.938        0.944
 25.52  18791       3    0.941 1.67e-03        0.937        0.944
 25.56  18788       1    0.941 1.67e-03        0.937        0.944
 25.60  18787       1    0.941 1.67e-03        0.937        0.944
 25.65  18786       3    0.940 1.67e-03        0.937        0.944
 25.69  18783       3    0.940 1.68e-03        0.937        0.944
 25.73  18780       4    0.940 1.68e-03        0.937        0.943
 25.78  18776       1    0.940 1.68e-03        0.937        0.943
 25.82  18775       3    0.940 1.68e-03        0.937        0.943
 25.86  18772       3    0.940 1.68e-03        0.936        0.943
 25.91  18769       2    0.940 1.69e-03        0.936        0.943
 25.95  18767       2    0.940 1.69e-03        0.936        0.943
 26.03  18765       3    0.939 1.69e-03        0.936        0.943
 26.07  18762       1    0.939 1.69e-03        0.936        0.943
 26.11  18761       1    0.939 1.69e-03        0.936        0.943
 26.15  18760       2    0.939 1.69e-03        0.936        0.942
 26.19  18758       2    0.939 1.69e-03        0.936        0.942
 26.23  18756       2    0.939 1.69e-03        0.936        0.942
 26.26  18754       1    0.939 1.69e-03        0.936        0.942
 26.30  18753       2    0.939 1.70e-03        0.935        0.942
 26.34  18751       1    0.939 1.70e-03        0.935        0.942
 26.38  18750       1    0.939 1.70e-03        0.935        0.942
 26.42  18749       1    0.939 1.70e-03        0.935        0.942
 26.46  18748       1    0.939 1.70e-03        0.935        0.942
 26.50  18747       3    0.938 1.70e-03        0.935        0.942
 26.53  18744       2    0.938 1.70e-03        0.935        0.942
 26.57  18742       3    0.938 1.70e-03        0.935        0.942
 26.61  18739       1    0.938 1.70e-03        0.935        0.942
 26.65  18738       1    0.938 1.70e-03        0.935        0.941
 26.69  18737       2    0.938 1.71e-03        0.935        0.941
 26.73  18735       2    0.938 1.71e-03        0.935        0.941
 26.76  18733       1    0.938 1.71e-03        0.935        0.941
 26.80  18732       2    0.938 1.71e-03        0.934        0.941
 26.84  18730       4    0.938 1.71e-03        0.934        0.941
 26.88  18726       1    0.938 1.71e-03        0.934        0.941
 26.92  18725       6    0.937 1.72e-03        0.934        0.941
 26.96  18719       2    0.937 1.72e-03        0.934        0.940
 27.03  18717       2    0.937 1.72e-03        0.934        0.940
 27.07  18715       2    0.937 1.72e-03        0.934        0.940
 27.11  18713       2    0.937 1.72e-03        0.933        0.940
 27.15  18711       4    0.937 1.72e-03        0.933        0.940
 27.19  18707       1    0.937 1.72e-03        0.933        0.940
 27.23  18706       3    0.936 1.73e-03        0.933        0.940
 27.26  18703       3    0.936 1.73e-03        0.933        0.940
 27.30  18700       1    0.936 1.73e-03        0.933        0.940
 27.34  18699       1    0.936 1.73e-03        0.933        0.940
 27.38  18698       4    0.936 1.73e-03        0.933        0.939
 27.42  18694       3    0.936 1.73e-03        0.932        0.939
 27.46  18691       2    0.936 1.74e-03        0.932        0.939
 27.50  18689       2    0.936 1.74e-03        0.932        0.939
 27.53  18687       5    0.935 1.74e-03        0.932        0.939
 27.57  18682       2    0.935 1.74e-03        0.932        0.939
 27.61  18680       2    0.935 1.74e-03        0.932        0.939
 27.65  18678       2    0.935 1.74e-03        0.932        0.938
 27.69  18676       2    0.935 1.74e-03        0.932        0.938
 27.73  18674       2    0.935 1.75e-03        0.931        0.938
 27.76  18672       3    0.935 1.75e-03        0.931        0.938
 27.80  18669       1    0.935 1.75e-03        0.931        0.938
 27.84  18668       2    0.935 1.75e-03        0.931        0.938
 27.88  18666       1    0.934 1.75e-03        0.931        0.938
 27.92  18665       1    0.934 1.75e-03        0.931        0.938
 27.96  18664       1    0.934 1.75e-03        0.931        0.938
 28.03  18663       4    0.934 1.75e-03        0.931        0.938
 28.06  18659       3    0.934 1.76e-03        0.931        0.937
 28.10  18656       1    0.934 1.76e-03        0.931        0.937
 28.13  18655       1    0.934 1.76e-03        0.931        0.937
 28.17  18654       1    0.934 1.76e-03        0.930        0.937
 28.20  18653       1    0.934 1.76e-03        0.930        0.937
 28.24  18652       3    0.934 1.76e-03        0.930        0.937
 28.27  18649       3    0.934 1.76e-03        0.930        0.937
 28.31  18646       1    0.933 1.76e-03        0.930        0.937
 28.34  18645       1    0.933 1.76e-03        0.930        0.937
 28.37  18644       1    0.933 1.76e-03        0.930        0.937
 28.41  18643       1    0.933 1.76e-03        0.930        0.937
 28.44  18642       3    0.933 1.77e-03        0.930        0.937
 28.48  18639       3    0.933 1.77e-03        0.930        0.937
 28.51  18636       2    0.933 1.77e-03        0.929        0.936
 28.55  18634       1    0.933 1.77e-03        0.929        0.936
 28.58  18633       1    0.933 1.77e-03        0.929        0.936
 28.62  18632       2    0.933 1.77e-03        0.929        0.936
 28.65  18630       2    0.933 1.77e-03        0.929        0.936
 28.68  18628       2    0.933 1.77e-03        0.929        0.936
 28.72  18626       1    0.932 1.77e-03        0.929        0.936
 28.75  18625       2    0.932 1.78e-03        0.929        0.936
 28.79  18623       1    0.932 1.78e-03        0.929        0.936
 28.82  18622       2    0.932 1.78e-03        0.929        0.936
 28.86  18620       2    0.932 1.78e-03        0.929        0.936
 28.89  18618       2    0.932 1.78e-03        0.929        0.936
 28.93  18616       3    0.932 1.78e-03        0.928        0.935
 28.96  18613       2    0.932 1.78e-03        0.928        0.935
 29.04  18611       1    0.932 1.78e-03        0.928        0.935
 29.08  18610       1    0.932 1.78e-03        0.928        0.935
 29.12  18609       5    0.931 1.79e-03        0.928        0.935
 29.16  18604       1    0.931 1.79e-03        0.928        0.935
 29.20  18603       2    0.931 1.79e-03        0.928        0.935
 29.24  18601       1    0.931 1.79e-03        0.928        0.935
 29.28  18600       1    0.931 1.79e-03        0.928        0.935
 29.32  18598       1    0.931 1.79e-03        0.928        0.935
 29.36  18597       2    0.931 1.79e-03        0.928        0.935
 29.40  18595       2    0.931 1.79e-03        0.927        0.934
 29.44  18593       1    0.931 1.79e-03        0.927        0.934
 29.48  18592       2    0.931 1.80e-03        0.927        0.934
 29.52  18589       1    0.931 1.80e-03        0.927        0.934
 29.56  18588       1    0.931 1.80e-03        0.927        0.934
 29.60  18587       1    0.931 1.80e-03        0.927        0.934
 29.64  18586       1    0.931 1.80e-03        0.927        0.934
 29.68  18585       1    0.931 1.80e-03        0.927        0.934
 29.72  18584       1    0.930 1.80e-03        0.927        0.934
 29.76  18583       2    0.930 1.80e-03        0.927        0.934
 29.80  18581       2    0.930 1.80e-03        0.927        0.934
 29.84  18578       3    0.930 1.80e-03        0.927        0.934
 29.88  18574       3    0.930 1.80e-03        0.926        0.934
 29.92  18571       2    0.930 1.81e-03        0.926        0.933
 29.96  18569       3    0.930 1.81e-03        0.926        0.933
 30.03  18566       1    0.930 1.81e-03        0.926        0.933
 30.07  18565       3    0.930 1.81e-03        0.926        0.933
 30.11  18562       2    0.929 1.81e-03        0.926        0.933
 30.14  18560       3    0.929 1.81e-03        0.926        0.933
 30.18  18556       1    0.929 1.81e-03        0.926        0.933
 30.22  18555       3    0.929 1.82e-03        0.926        0.933
 30.25  18552       2    0.929 1.82e-03        0.925        0.933
 30.29  18550       2    0.929 1.82e-03        0.925        0.932
 30.33  18548       4    0.929 1.82e-03        0.925        0.932
 30.37  18544       1    0.929 1.82e-03        0.925        0.932
 30.40  18543       3    0.928 1.82e-03        0.925        0.932
 30.44  18540       1    0.928 1.82e-03        0.925        0.932
 30.48  18539       3    0.928 1.83e-03        0.925        0.932
 30.51  18536       1    0.928 1.83e-03        0.925        0.932
 30.55  18535       1    0.928 1.83e-03        0.925        0.932
 30.59  18534       3    0.928 1.83e-03        0.924        0.932
 30.62  18531       1    0.928 1.83e-03        0.924        0.932
 30.66  18530       1    0.928 1.83e-03        0.924        0.932
 30.70  18529       3    0.928 1.83e-03        0.924        0.931
 30.74  18526       1    0.928 1.83e-03        0.924        0.931
 30.77  18525       1    0.928 1.83e-03        0.924        0.931
 30.81  18524       3    0.928 1.83e-03        0.924        0.931
 30.85  18521       3    0.927 1.84e-03        0.924        0.931
 30.88  18518       1    0.927 1.84e-03        0.924        0.931
 30.92  18517       1    0.927 1.84e-03        0.924        0.931
 30.96  18516       1    0.927 1.84e-03        0.924        0.931
 31.03  18515       3    0.927 1.84e-03        0.923        0.931
 31.06  18512       4    0.927 1.84e-03        0.923        0.931
 31.10  18508       3    0.927 1.84e-03        0.923        0.930
 31.13  18505       3    0.927 1.85e-03        0.923        0.930
 31.17  18502       1    0.927 1.85e-03        0.923        0.930
 31.20  18501       1    0.926 1.85e-03        0.923        0.930
 31.24  18500       1    0.926 1.85e-03        0.923        0.930
 31.27  18499       1    0.926 1.85e-03        0.923        0.930
 31.31  18498       1    0.926 1.85e-03        0.923        0.930
 31.34  18497       1    0.926 1.85e-03        0.923        0.930
 31.37  18496       1    0.926 1.85e-03        0.923        0.930
 31.41  18495       1    0.926 1.85e-03        0.923        0.930
 31.44  18494       1    0.926 1.85e-03        0.923        0.930
 31.48  18493       4    0.926 1.85e-03        0.922        0.930
 31.51  18489       2    0.926 1.85e-03        0.922        0.929
 31.55  18487       1    0.926 1.85e-03        0.922        0.929
 31.58  18486       2    0.926 1.86e-03        0.922        0.929
 31.62  18483       2    0.926 1.86e-03        0.922        0.929
 31.65  18481       2    0.925 1.86e-03        0.922        0.929
 31.68  18479       5    0.925 1.86e-03        0.922        0.929
 31.72  18474       1    0.925 1.86e-03        0.922        0.929
 31.75  18473       2    0.925 1.86e-03        0.921        0.929
 31.79  18471       2    0.925 1.86e-03        0.921        0.929
 31.82  18469       1    0.925 1.86e-03        0.921        0.929
 31.86  18468       1    0.925 1.86e-03        0.921        0.929
 31.89  18467       2    0.925 1.87e-03        0.921        0.928
 31.93  18465       1    0.925 1.87e-03        0.921        0.928
 31.96  18464       1    0.925 1.87e-03        0.921        0.928
 32.03  18463       5    0.924 1.87e-03        0.921        0.928
 32.07  18458       1    0.924 1.87e-03        0.921        0.928
 32.11  18457       3    0.924 1.87e-03        0.921        0.928
 32.15  18454       3    0.924 1.87e-03        0.920        0.928
 32.19  18451       2    0.924 1.87e-03        0.920        0.928
 32.23  18449       2    0.924 1.88e-03        0.920        0.928
 32.26  18447       3    0.924 1.88e-03        0.920        0.927
 32.30  18444       2    0.924 1.88e-03        0.920        0.927
 32.34  18442       3    0.923 1.88e-03        0.920        0.927
 32.38  18438       2    0.923 1.88e-03        0.920        0.927
 32.42  18436       1    0.923 1.88e-03        0.920        0.927
 32.46  18435       2    0.923 1.88e-03        0.920        0.927
 32.50  18433       4    0.923 1.89e-03        0.919        0.927
 32.53  18429       1    0.923 1.89e-03        0.919        0.927
 32.57  18428       3    0.923 1.89e-03        0.919        0.927
 32.61  18425       3    0.923 1.89e-03        0.919        0.926
 32.65  18422       1    0.923 1.89e-03        0.919        0.926
 32.69  18421       1    0.923 1.89e-03        0.919        0.926
 32.73  18420       3    0.922 1.89e-03        0.919        0.926
 32.76  18417       3    0.922 1.89e-03        0.919        0.926
 32.80  18414       3    0.922 1.90e-03        0.918        0.926
 32.84  18411       2    0.922 1.90e-03        0.918        0.926
 32.88  18409       2    0.922 1.90e-03        0.918        0.926
 32.92  18407       4    0.922 1.90e-03        0.918        0.925
 32.96  18403       2    0.922 1.90e-03        0.918        0.925
 33.04  18401       3    0.921 1.90e-03        0.918        0.925
 33.08  18398       2    0.921 1.90e-03        0.918        0.925
 33.11  18396       2    0.921 1.91e-03        0.918        0.925
 33.15  18394       1    0.921 1.91e-03        0.918        0.925
 33.20  18393       1    0.921 1.91e-03        0.917        0.925
 33.24  18392       3    0.921 1.91e-03        0.917        0.925
 33.28  18389       2    0.921 1.91e-03        0.917        0.925
 33.32  18387       3    0.921 1.91e-03        0.917        0.925
 33.36  18384       2    0.921 1.91e-03        0.917        0.924
 33.40  18381       1    0.921 1.91e-03        0.917        0.924
 33.44  18380       2    0.921 1.91e-03        0.917        0.924
 33.47  18378       1    0.920 1.91e-03        0.917        0.924
 33.52  18377       1    0.920 1.91e-03        0.917        0.924
 33.56  18376       2    0.920 1.92e-03        0.917        0.924
 33.60  18374       1    0.920 1.92e-03        0.917        0.924
 33.64  18373       4    0.920 1.92e-03        0.916        0.924
 33.68  18369       2    0.920 1.92e-03        0.916        0.924
 33.72  18367       1    0.920 1.92e-03        0.916        0.924
 33.76  18366       1    0.920 1.92e-03        0.916        0.924
 33.79  18365       1    0.920 1.92e-03        0.916        0.924
 33.84  18364       1    0.920 1.92e-03        0.916        0.924
 33.88  18363       3    0.920 1.92e-03        0.916        0.923
 33.92  18360       1    0.920 1.92e-03        0.916        0.923
 33.96  18359       2    0.919 1.92e-03        0.916        0.923
 34.04  18357       3    0.919 1.93e-03        0.916        0.923
 34.08  18354       1    0.919 1.93e-03        0.916        0.923
 34.12  18353       1    0.919 1.93e-03        0.915        0.923
 34.16  18352       3    0.919 1.93e-03        0.915        0.923
 34.20  18349       1    0.919 1.93e-03        0.915        0.923
 34.25  18348       2    0.919 1.93e-03        0.915        0.923
 34.29  18346       1    0.919 1.93e-03        0.915        0.923
 34.33  18345       3    0.919 1.93e-03        0.915        0.923
 34.37  18342       1    0.919 1.93e-03        0.915        0.922
 34.41  18341       1    0.919 1.93e-03        0.915        0.922
 34.45  18340       3    0.918 1.94e-03        0.915        0.922
 34.50  18337       3    0.918 1.94e-03        0.915        0.922
 34.54  18334       2    0.918 1.94e-03        0.914        0.922
 34.58  18332       3    0.918 1.94e-03        0.914        0.922
 34.62  18329       6    0.918 1.94e-03        0.914        0.922
 34.66  18322       1    0.918 1.94e-03        0.914        0.922
 34.70  18321       1    0.918 1.94e-03        0.914        0.921
 34.75  18320       2    0.918 1.95e-03        0.914        0.921
 34.79  18318       1    0.918 1.95e-03        0.914        0.921
 34.83  18317       1    0.917 1.95e-03        0.914        0.921
 34.87  18316       1    0.917 1.95e-03        0.914        0.921
 34.91  18315       3    0.917 1.95e-03        0.913        0.921
 34.95  18312       1    0.917 1.95e-03        0.913        0.921
 35.03  18311       2    0.917 1.95e-03        0.913        0.921
 35.07  18309       2    0.917 1.95e-03        0.913        0.921
 35.10  18307       2    0.917 1.95e-03        0.913        0.921
 35.14  18305       1    0.917 1.95e-03        0.913        0.921
 35.17  18304       1    0.917 1.95e-03        0.913        0.921
 35.21  18303       1    0.917 1.95e-03        0.913        0.921
 35.25  18302       4    0.917 1.96e-03        0.913        0.920
 35.28  18298       1    0.917 1.96e-03        0.913        0.920
 35.32  18297       1    0.916 1.96e-03        0.913        0.920
 35.35  18296       3    0.916 1.96e-03        0.912        0.920
 35.39  18293       1    0.916 1.96e-03        0.912        0.920
 35.42  18291       2    0.916 1.96e-03        0.912        0.920
 35.46  18289       1    0.916 1.96e-03        0.912        0.920
 35.50  18288       2    0.916 1.96e-03        0.912        0.920
 35.53  18286       1    0.916 1.96e-03        0.912        0.920
 35.57  18285       5    0.916 1.97e-03        0.912        0.920
 35.60  18280       2    0.916 1.97e-03        0.912        0.919
 35.64  18278       2    0.916 1.97e-03        0.912        0.919
 35.67  18276       2    0.915 1.97e-03        0.912        0.919
 35.71  18274       5    0.915 1.97e-03        0.911        0.919
 35.75  18269       3    0.915 1.97e-03        0.911        0.919
 35.78  18266       1    0.915 1.97e-03        0.911        0.919
 35.82  18265       1    0.915 1.97e-03        0.911        0.919
 35.85  18264       2    0.915 1.97e-03        0.911        0.919
 35.89  18262       6    0.915 1.98e-03        0.911        0.918
 35.92  18256       2    0.914 1.98e-03        0.911        0.918